132 153 181
141 158 181
142 159 181
42 15 42
136 155 181
122 47 25
136 155 181
181 69 35
50 9 0
163 65 35
0 0 0
111 45 25
165 66 35
168 66 35
159 65 35
173 67 35
169 67 35
127 48 25
76 37 14
78 53 11
183 69 35
189 70 35
164 66 35
166 66 35
170 67 35
183 69 35
168 66 35
172 67 35
129 49 25
180 68 35
168 66 35
183 69 35
164 66 35
175 68 35
162 65 35
109 14 3
157 64 35
191 71 35
53 54 19
118 47 25
169 67 35
116 35 27
174 68 35
127 48 25
91 37 10
116 46 25
116 46 25
0 0 0
129 152 181
128 151 181
135 155 181
133 154 181
131 129 127
139 157 181
141 158 181
144 160 181
133 154 181
143 159 181
139 157 181
141 158 181
140 157 181
132 153 181
129 152 181
130 152 181
129 152 181
130 152 181
139 157 181
129 152 181
138 157 181
135 155 181
144 160 181
141 158 181
128 151 181
144 160 181
56 173 140
6 85 121
53 169 140
53 169 140
64 184 140
31 101 43
58 175 140
57 174 140
56 173 140
56 173 140
57 174 140
58 176 140
53 169 140
61 180 140
65 185 140
54 169 140
58 176 140
55 171 140
59 177 140
58 175 140
32 73 44
59 176 140
54 170 140
62 181 140
63 183 140
57 173 140
40 123 99
58 175 140
54 169 140
62 181 140
54 170 140
55 171 140
55 172 140
55 171 140
141 158 181
72 39 2
128 151 181
138 156 181
140 158 181
84 46 5
148 162 181
137 156 181
133 154 181
139 157 181
154 165 181
156 166 181
140 157 181
139 157 181
139 157 181
134 154 181
132 153 181
132 153 181
132 153 181
135 155 181
151 163 181
142 158 181
148 162 181
148 162 181
138 157 181
36 16 2
142 158 181
134 154 181
108 126 75
105 125 75
170 189 106
100 111 31
114 130 75
168 188 106
121 134 75
31 99 41
110 127 75
69 54 13
167 187 106
63 76 23
153 179 106
117 131 75
0 0 0
117 132 75
115 130 75
107 126 75
118 132 75
168 187 106
116 131 75
120 133 75
0 0 0
104 125 75
176 192 106
113 129 75
0 0 0
166 186 106
106 126 75
94 107 31
133 154 181
110 127 75
132 154 181
128 145 171
128 151 181
142 159 181
131 153 181
63 62 85
128 151 181
151 157 171
129 152 181
142 158 181
132 153 181
95 83 137
135 119 195
126 115 195
138 120 195
30 28 68
126 115 195
132 117 195
130 116 195
128 116 195
131 117 195
134 118 195
131 117 195
122 113 195
0 0 0
124 114 195
125 114 195
126 115 195
94 66 134
130 116 195
134 118 195
120 112 195
130 117 195
137 119 195
122 113 195
120 112 195
138 120 195
63 48 92
126 115 195
130 117 195
123 113 195
87 63 134
135 119 195
124 114 195
90 82 137
130 152 181
130 117 195
57 41 57
0 0 0
62 43 57
79 58 81
60 42 57
26 15 31
42 23 43
86 61 81
86 60 81
89 61 81
55 31 62
42 25 38
85 60 81
58 42 57
85 60 81
44 2 53
0 0 0
0 0 0
54 40 57
55 31 62
39 23 39
54 40 57
55 31 62
63 43 57
38 24 38
91 62 81
59 42 57
54 40 57
42 24 39
54 41 57
82 59 81
84 60 81
18 8 12
56 41 57
62 34 56
80 58 81
129 152 181
46 31 40
38 23 38
131 153 181
131 153 181
129 152 181
144 160 181
129 152 181
124 125 127
135 155 181
136 156 181
141 158 181
135 155 181
139 157 181
140 157 181
134 154 181
132 153 181
129 152 181
132 153 181
129 152 181
132 153 181
140 157 181
135 155 181
145 160 181
136 156 181
128 151 181
128 151 181
73 118 168
92 84 77
129 152 181
86 82 77
136 155 181
141 158 181
147 161 181
130 152 181
128 151 181
131 153 181
131 153 181
154 165 181
134 154 181
128 151 181
0 0 0
142 158 181
116 121 127
132 153 181
135 155 181
145 160 181
0 0 0
133 154 181
146 161 181
149 162 181
120 123 127
129 152 181
150 163 181
131 153 181
92 84 77
47 68 140
58 56 54
141 158 181
143 159 181
129 152 181
128 151 181
128 151 181
146 161 181
135 155 181
82 80 77
137 156 181
54 85 119
142 158 181
89 83 77
128 151 181
134 154 181
0 0 0
134 154 181
13 23 76
130 152 181
134 155 181
124 116 108
40 31 37
90 83 77
80 79 77
146 128 176
36 29 23
138 124 176
130 119 108
128 120 176
137 123 176
117 114 108
136 123 176
131 120 108
134 121 108
0 0 0
70 49 53
126 119 176
0 0 0
92 84 77
75 102 21
88 82 77
0 0 0
81 79 77
0 0 0
84 80 77
0 0 0
37 30 23
85 81 77
78 105 21
24 44 16
31 37 6
32 47 99
131 153 181
119 195 50
117 194 50
149 163 181
117 193 50
126 201 50
44 79 11
118 194 50
127 202 50
120 196 50
113 191 50
53 73 24
55 75 24
111 189 50
77 132 35
114 191 50
126 201 50
45 5 23
123 199 50
123 198 50
109 188 50
118 194 50
113 191 50
113 191 50
123 198 50
78 106 35
113 191 50
120 196 50
0 0 0
115 192 50
113 190 50
19 53 20
120 196 50
0 0 0
113 191 50
111 189 50
126 201 50
111 189 50
126 201 50
117 194 50
132 153 181
132 153 181
128 151 181
139 157 181
129 152 181
134 154 181
120 47 25
169 66 35
20 32 30
158 65 35
176 68 35
127 48 25
20 32 30
164 65 35
191 71 35
112 46 25
168 66 35
115 15 3
120 47 25
177 68 35
114 46 25
67 27 7
164 66 35
123 48 25
158 65 35
11 18 9
181 69 35
174 68 35
179 68 35
164 66 35
115 46 25
187 70 35
119 47 25
180 69 35
10 16 15
112 45 25
173 67 35
167 66 35
165 66 35
113 46 25
116 15 3
181 69 35
158 64 35
127 48 25
49 52 19
136 156 181
41 40 13
69 29 105
124 48 25
138 156 181
19 78 134
8 40 41
138 156 181
147 161 181
139 157 181
129 152 181
128 151 181
130 152 181
128 151 181
132 153 181
130 152 181
139 157 181
143 159 181
135 155 181
143 159 181
132 153 181
138 156 181
143 159 181
142 158 181
132 153 181
142 158 181
134 154 181
134 155 181
57 175 140
59 176 140
58 176 140
57 175 140
56 172 140
55 172 140
56 172 140
54 169 140
58 175 140
55 171 140
55 172 140
56 172 140
53 169 140
59 177 140
54 170 140
54 169 140
60 179 140
54 170 140
57 174 140
54 170 140
54 169 140
58 175 140
54 170 140
61 180 140
54 171 140
58 175 140
54 170 140
55 171 140
64 184 140
54 170 140
58 175 140
59 177 140
59 177 140
53 169 140
139 157 181
57 174 140
56 172 140
131 153 181
136 156 181
138 156 181
133 154 181
135 155 181
136 155 181
54 31 3
131 153 181
149 162 181
128 151 181
140 157 181
131 153 181
136 155 181
129 152 181
143 159 181
134 155 181
140 157 181
142 159 181
134 154 181
133 154 181
130 129 127
135 155 181
137 156 181
0 0 0
137 156 181
129 152 181
0 0 0
0 0 0
99 39 10
119 132 75
0 0 0
106 125 75
106 126 75
50 35 24
176 192 106
44 141 58
62 74 22
78 87 50
106 125 75
68 77 22
179 193 106
160 183 106
75 68 57
112 129 75
68 57 28
167 187 106
120 133 75
104 125 75
0 0 0
61 56 24
44 33 24
117 132 75
105 125 75
26 77 29
118 132 75
114 130 75
15 68 13
111 128 75
111 128 75
131 153 181
130 152 181
83 93 53
78 90 53
129 152 181
130 152 181
137 156 181
122 113 195
144 122 195
153 165 181
120 112 195
85 80 137
120 112 195
123 114 195
96 84 137
137 119 195
134 118 195
144 122 195
133 118 195
133 118 195
132 117 195
120 112 195
59 46 92
145 123 195
135 119 195
135 119 195
121 113 195
138 120 195
129 116 195
124 114 195
141 121 195
134 118 195
137 120 195
91 65 134
130 116 195
135 118 195
137 119 195
124 114 195
129 116 195
132 117 195
136 119 195
125 114 195
132 117 195
125 114 195
120 112 195
40 22 43
77 58 81
59 42 57
83 60 81
56 41 57
57 41 57
35 21 43
56 41 57
79 58 81
0 0 0
31 18 18
58 32 62
58 32 62
91 62 81
91 62 81
45 2 53
85 60 81
25 12 29
26 15 31
58 42 57
83 60 81
84 60 81
89 61 81
89 62 81
81 59 81
87 61 81
85 60 81
92 63 81
59 42 57
30 1 37
83 59 81
89 61 81
23 25 8
90 62 81
90 62 81
81 59 81
80 58 81
55 41 57
57 41 57
62 43 57
136 155 181
137 156 181
132 153 181
137 156 181
135 155 181
129 152 181
134 154 181
133 154 181
146 161 181
134 154 181
145 160 181
129 152 181
141 158 181
137 156 181
144 159 181
132 153 181
147 161 181
133 154 181
132 153 181
121 124 127
137 156 181
89 41 59
137 156 181
32 47 99
131 153 181
138 156 181
145 160 181
135 155 181
135 155 181
150 163 181
134 154 181
129 152 181
136 155 181
140 158 181
136 155 181
132 153 181
131 153 181
143 159 181
130 152 181
132 153 181
133 154 181
130 152 181
141 158 181
135 155 181
133 154 181
131 153 181
22 26 42
143 159 181
130 152 181
35 49 99
140 158 181
136 155 181
129 152 181
130 152 181
0 0 0
141 158 181
131 153 181
20 25 42
147 161 181
108 118 127
147 161 181
128 151 181
151 163 181
135 155 181
0 0 0
129 152 181
146 161 181
55 74 46
142 158 181
150 163 181
129 152 181
128 151 181
131 153 181
133 120 108
131 120 108
126 119 176
81 80 77
91 84 77
80 79 77
126 119 176
127 119 176
119 114 108
132 122 176
138 124 176
134 122 176
137 124 176
129 120 176
133 122 176
130 121 176
137 124 176
131 121 176
134 122 176
84 81 77
126 119 176
80 79 77
0 0 0
81 79 77
80 79 77
0 0 0
93 85 77
92 84 77
88 82 77
81 80 77
0 0 0
57 44 32
130 119 108
144 159 181
33 39 18
122 197 50
38 38 11
42 55 17
122 197 50
114 191 50
128 202 50
122 197 50
118 195 50
80 135 35
118 194 50
128 203 50
125 200 50
120 196 50
120 196 50
119 195 50
66 7 33
122 197 50
0 0 0
122 198 50
121 197 50
109 187 50
126 200 50
37 40 10
124 199 50
86 139 35
10 27 10
116 193 50
122 197 50
116 193 50
125 200 50
11 45 4
114 191 50
128 202 50
123 198 50
76 89 19
80 135 35
109 188 50
123 198 50
128 151 181
8 39 41
141 158 181
132 153 181
133 154 181
135 155 181
179 68 35
188 70 35
161 65 35
164 66 35
0 0 0
8 6 16
166 66 35
177 68 35
180 69 35
159 65 35
188 70 35
15 23 21
0 0 0
185 70 35
158 65 35
126 48 25
115 46 25
168 66 35
189 70 35
22 34 30
174 67 35
163 65 35
158 65 35
159 65 35
126 48 25
74 29 7
0 0 0
182 69 35
170 67 35
164 66 35
97 39 10
159 65 35
188 70 35
182 69 35
111 45 25
0 0 0
33 36 13
176 68 35
112 46 25
53 15 6
133 154 181
147 161 181
131 153 181
128 151 181
129 152 181
145 160 181
147 161 181
139 157 181
150 163 181
144 160 181
132 153 181
148 162 181
130 152 181
130 152 181
150 163 181
139 157 181
135 155 181
144 159 181
131 153 181
146 161 181
137 156 181
136 155 181
132 153 181
67 28 105
128 151 181
136 155 181
138 156 181
59 177 140
134 155 181
0 0 0
53 169 140
55 171 140
55 171 140
61 179 140
54 170 140
54 170 140
56 173 140
60 178 140
54 170 140
38 120 99
31 101 43
54 170 140
56 173 140
55 172 140
60 179 140
60 179 140
63 183 140
61 179 140
57 175 140
57 174 140
53 169 140
55 171 140
61 180 140
56 173 140
0 0 0
64 185 140
56 173 140
57 175 140
57 174 140
40 123 99
39 121 99
55 171 140
59 178 140
134 154 181
59 177 140
140 157 181
132 153 181
140 157 181
141 158 181
142 159 181
134 154 181
132 153 181
132 153 181
129 152 181
137 156 181
130 152 181
133 154 181
132 153 181
145 160 181
140 157 181
133 154 181
129 152 181
149 162 181
128 151 181
128 151 181
131 153 181
142 159 181
105 105 53
128 151 181
117 122 127
137 156 181
132 154 181
111 128 75
110 127 75
62 74 22
109 127 75
175 191 106
121 134 75
62 74 22
77 69 57
120 133 75
74 70 52
110 127 75
116 131 75
105 125 75
160 183 106
111 128 75
112 128 75
166 186 106
168 187 106
96 109 31
110 128 75
0 0 0
80 70 57
118 132 75
121 134 75
0 0 0
120 133 75
107 126 75
155 180 106
104 124 75
139 157 181
138 156 181
132 148 171
130 152 181
144 159 181
130 152 181
139 157 181
138 156 181
130 152 181
131 153 181
89 81 137
132 117 195
125 114 195
92 82 137
79 51 61
138 120 195
121 113 195
122 113 195
126 115 195
138 120 195
136 119 195
126 115 195
90 82 137
130 116 195
140 121 195
139 120 195
138 120 195
142 122 195
133 118 195
121 113 195
138 120 195
138 120 195
123 114 195
48 33 43
122 113 195
133 118 195
131 117 195
132 117 195
143 122 195
146 123 195
122 113 195
137 119 195
121 113 195
123 114 195
124 114 195
51 70 27
122 113 195
87 80 137
56 41 57
82 59 81
90 62 81
51 12 7
0 0 0
61 43 57
80 59 81
54 40 57
0 0 0
79 58 81
82 59 81
55 41 57
61 43 57
38 17 42
86 60 81
54 40 57
58 42 57
86 61 81
90 62 81
83 60 81
0 0 0
61 43 57
79 58 81
89 61 81
57 41 57
91 62 81
56 41 57
88 61 81
55 41 57
82 59 81
57 42 57
80 58 81
27 16 27
88 61 81
0 0 0
78 58 81
88 61 81
81 59 81
85 60 81
131 153 181
134 154 181
131 153 181
135 155 181
138 157 181
135 155 181
135 155 181
146 161 181
146 160 181
130 152 181
52 71 140
130 152 181
137 156 181
131 153 181
129 152 181
139 157 181
131 153 181
129 152 181
128 151 181
133 154 181
32 47 99
128 151 181
138 156 181
133 154 181
138 156 181
131 153 181
143 159 181
143 159 181
133 154 181
141 158 181
131 153 181
139 157 181
143 159 181
85 81 77
133 154 181
35 49 99
131 153 181
132 153 181
135 155 181
153 165 181
142 158 181
12 72 11
0 0 0
133 154 181
137 156 181
38 22 24
134 154 181
148 162 181
135 155 181
144 160 181
128 151 181
141 158 181
58 42 57
135 155 181
135 155 181
128 151 181
132 153 181
140 157 181
153 165 181
132 153 181
134 154 181
133 154 181
129 152 181
142 158 181
131 153 181
140 158 181
91 84 77
133 154 181
129 152 181
144 160 181
65 60 88
140 157 181
140 158 181
137 124 176
131 121 176
85 81 77
137 124 176
149 129 176
134 122 176
141 125 176
151 130 176
128 120 176
135 123 176
141 125 176
127 119 176
128 120 176
131 121 176
134 122 176
131 121 176
138 124 176
130 121 176
142 126 176
51 71 15
0 0 0
146 127 176
56 44 53
55 43 32
87 82 77
54 73 15
49 70 15
51 71 15
49 70 15
0 0 0
32 47 99
139 157 181
65 59 54
35 49 99
145 160 181
143 159 181
80 135 35
55 126 7
118 194 50
84 109 35
111 189 50
117 194 50
126 200 50
116 193 50
87 140 35
113 190 50
117 194 50
130 204 50
118 194 50
130 204 50
0 0 0
122 198 50
13 28 14
123 198 50
118 195 50
126 201 50
119 195 50
124 199 50
60 78 24
126 201 50
80 135 35
127 201 50
124 199 50
124 199 50
83 137 35
114 191 50
116 193 50
115 192 50
77 132 35
119 195 50
19 53 20
20 54 20
121 196 50
133 154 181
89 76 54
148 162 181
136 155 181
178 68 35
184 69 35
13 7 3
177 68 35
179 68 35
176 68 35
0 0 0
9 16 15
166 66 35
114 46 25
180 69 35
174 67 35
13 22 21
115 46 25
19 31 30
171 67 35
179 68 35
183 69 35
75 29 7
120 47 25
171 67 35
182 69 35
22 34 30
64 27 7
115 46 25
188 70 35
61 15 3
112 46 25
167 66 35
172 67 35
177 68 35
120 47 25
122 47 25
76 29 7
159 65 35
115 46 25
187 70 35
186 70 35
171 67 35
120 47 25
119 47 25
172 67 35
181 69 35
136 156 181
139 157 181
144 160 181
134 155 181
139 157 181
140 157 181
150 163 181
146 161 181
141 158 181
131 153 181
128 151 181
131 153 181
129 152 181
142 158 181
129 152 181
129 152 181
136 155 181
140 158 181
144 159 181
137 156 181
133 154 181
142 159 181
132 153 181
135 155 181
128 151 181
142 159 181
132 153 181
54 170 140
64 184 140
30 100 43
57 174 140
53 169 140
60 178 140
59 177 140
60 179 140
59 177 140
60 178 140
55 172 140
63 183 140
58 176 140
0 0 0
56 173 140
65 185 140
56 172 140
47 90 56
55 172 140
61 180 140
62 182 140
61 180 140
55 171 140
55 171 140
64 185 140
60 179 140
61 180 140
59 178 140
57 173 140
61 180 140
57 174 140
40 123 99
64 184 140
59 177 140
146 161 181
58 176 140
149 162 181
139 157 181
136 155 181
146 161 181
134 154 181
131 153 181
147 161 181
138 157 181
129 152 181
132 153 181
132 153 181
139 157 181
136 156 181
137 156 181
130 152 181
131 129 127
133 154 181
133 154 181
137 156 181
128 151 181
143 159 181
139 157 181
81 92 53
130 152 181
132 153 181
132 153 181
138 157 181
139 157 181
114 130 75
112 129 75
105 125 75
66 27 7
107 126 75
99 111 31
104 124 75
0 0 0
110 128 75
115 130 75
107 126 75
107 126 75
105 125 75
106 125 75
113 129 75
32 100 41
116 131 75
110 127 75
105 125 75
112 129 75
72 51 33
106 126 75
113 129 75
108 127 75
106 125 75
114 130 75
122 124 127
75 89 53
128 151 181
146 161 181
143 159 181
140 158 181
135 155 181
135 155 181
82 92 53
130 152 181
147 161 181
132 153 181
133 154 181
134 118 195
144 122 195
136 119 195
130 116 195
129 116 195
20 47 53
134 118 195
135 119 195
127 115 195
32 57 106
120 112 195
119 112 195
120 112 195
104 59 78
144 123 195
138 120 195
129 116 195
120 112 195
53 35 43
0 0 0
144 122 195
144 122 195
136 119 195
122 113 195
36 34 30
146 123 195
131 117 195
78 4 127
84 79 137
128 115 195
131 117 195
133 118 195
137 120 195
128 116 195
119 112 195
131 95 150
140 121 195
98 85 137
133 118 195
58 42 57
142 122 195
32 24 16
0 0 0
0 0 0
78 58 81
0 0 0
88 61 81
84 60 81
49 12 7
26 15 31
26 9 11
57 32 62
52 30 62
55 41 57
61 43 57
77 58 81
80 58 81
88 61 81
0 0 0
54 40 57
55 31 62
0 0 0
82 59 81
84 60 81
56 41 57
83 60 81
58 42 57
41 23 39
86 60 81
32 35 11
39 23 39
38 22 24
87 61 81
88 61 81
79 58 81
90 62 81
139 157 181
83 86 90
145 160 181
142 159 181
93 104 121
134 154 181
130 152 181
136 156 181
142 158 181
120 123 127
133 154 181
137 156 181
144 160 181
136 155 181
138 156 181
141 158 181
129 152 181
23 23 38
134 154 181
144 160 181
136 155 181
137 156 181
0 0 0
130 152 181
140 157 181
50 70 140
131 153 181
143 159 181
139 157 181
129 152 181
143 159 181
128 151 181
132 153 181
134 154 181
0 0 0
133 154 181
149 162 181
34 48 99
135 155 181
93 85 124
57 56 54
147 161 181
134 154 181
134 154 181
128 151 181
128 151 181
145 160 181
128 151 181
135 155 181
142 159 181
134 154 181
134 154 181
131 153 181
141 158 181
138 156 181
144 160 181
51 70 140
145 160 181
129 151 181
132 153 181
135 155 181
145 160 181
34 49 99
131 153 181
137 156 181
145 160 181
152 164 181
143 159 181
89 84 124
0 0 0
132 153 181
139 125 176
30 36 59
129 120 176
130 120 176
135 123 176
136 123 176
135 123 176
126 119 176
141 125 176
138 124 176
126 119 176
145 127 176
138 124 176
131 121 176
144 126 176
147 128 176
129 120 176
136 123 176
146 127 176
128 120 176
126 119 176
145 127 176
140 125 176
54 42 32
127 119 176
37 51 10
34 23 22
0 0 0
78 104 21
58 44 32
48 69 15
87 82 77
85 81 77
86 82 77
129 152 181
137 150 171
20 25 42
122 198 50
80 135 35
120 196 50
127 202 50
115 192 50
82 136 35
89 142 35
110 189 50
89 142 35
109 188 50
49 61 16
80 107 35
110 188 50
124 199 50
76 132 35
115 192 50
78 133 35
123 198 50
122 198 50
122 197 50
28 115 9
114 191 50
117 193 50
123 198 50
129 203 50
123 198 50
112 190 50
121 197 50
111 189 50
121 197 50
108 187 50
85 139 35
54 74 24
122 198 50
88 141 35
110 188 50
116 193 50
123 198 50
9 26 10
139 157 181
133 154 181
147 162 181
150 163 181
166 66 35
178 68 35
19 32 30
162 65 35
171 67 35
162 65 35
177 68 35
0 0 0
162 65 35
15 23 21
159 65 35
13 22 21
186 70 35
179 68 35
19 32 30
10 16 15
178 68 35
113 46 25
125 48 25
187 70 35
160 65 35
124 48 25
33 36 13
185 70 35
180 69 35
114 46 25
157 64 35
188 70 35
180 69 35
187 70 35
176 68 35
115 46 25
168 66 35
120 47 25
176 68 35
147 161 181
131 153 181
141 158 181
131 153 181
139 157 181
145 160 181
143 159 181
141 158 181
130 152 181
137 156 181
143 159 181
129 151 181
85 52 96
145 160 181
139 157 181
57 36 68
162 30 126
0 0 0
157 30 126
79 50 96
171 31 126
55 27 49
156 30 126
180 32 126
172 31 126
176 32 126
157 30 126
165 31 126
163 30 126
23 16 16
180 32 126
186 32 126
115 21 89
179 32 126
125 22 89
155 30 126
181 32 126
103 17 63
163 30 126
170 31 126
119 26 35
138 23 102
155 30 126
172 31 126
182 32 126
105 20 82
156 24 102
186 32 126
120 22 89
162 30 126
157 30 126
125 22 89
154 30 126
164 30 126
117 22 89
184 32 126
162 30 126
130 152 181
183 32 126
113 21 89
144 159 181
133 154 181
0 0 0
136 156 181
150 163 181
116 121 127
141 158 181
128 151 181
133 154 181
43 135 70
61 37 68
133 154 181
137 156 181
140 157 181
143 159 181
134 154 181
137 156 181
140 157 181
128 151 181
42 6 13
140 157 181
139 157 181
143 159 181
143 159 181
136 155 181
135 155 181
130 152 181
136 155 181
134 155 181
131 153 181
146 160 181
129 152 181
142 158 181
128 44 82
47 0 9
101 6 40
126 44 82
129 44 82
0 0 0
84 30 58
80 29 58
125 44 82
128 44 82
98 5 40
126 44 82
111 34 66
81 30 58
48 2 20
115 42 82
84 30 58
5 14 26
79 29 58
79 29 58
121 43 82
116 42 82
92 14 55
130 45 82
128 44 82
123 43 82
120 43 82
84 30 58
117 42 82
87 31 58
91 31 58
123 43 82
122 43 82
117 42 82
79 29 58
119 43 82
124 44 82
112 42 82
83 30 58
118 43 82
134 154 181
129 152 181
144 160 181
128 151 181
128 151 181
150 163 181
135 155 181
141 158 181
130 152 181
128 151 181
138 157 181
131 153 181
147 161 181
138 157 181
128 151 181
140 158 181
134 154 181
142 159 181
133 154 181
133 154 181
141 158 181
137 156 181
130 152 181
135 155 181
140 157 181
132 153 181
138 157 181
67 32 65
141 158 181
128 151 181
142 159 181
142 158 181
140 157 181
150 163 181
134 154 181
96 45 92
145 160 181
141 158 181
150 163 181
141 158 181
139 157 181
138 157 181
104 47 92
148 162 181
147 161 181
134 154 181
146 161 181
137 156 181
130 152 181
131 153 181
41 6 20
137 156 181
72 33 65
0 0 0
129 152 181
138 157 181
137 156 181
120 123 127
71 33 65
67 32 65
130 152 181
147 161 181
131 153 181
142 158 181
139 157 181
97 85 186
92 83 186
146 161 181
0 0 0
97 85 186
97 85 186
96 85 186
94 83 186
97 85 186
98 85 186
98 85 186
70 60 131
98 85 186
94 84 186
108 89 186
99 86 186
109 89 186
0 0 0
125 126 127
70 32 65
139 157 181
65 31 65
77 34 65
134 154 181
138 156 181
131 153 181
96 109 127
143 159 181
84 86 90
128 151 181
0 0 0
134 155 181
136 156 181
136 155 181
137 156 181
137 156 181
77 34 65
132 153 181
128 151 181
104 47 92
130 152 181
142 159 181
139 157 181
39 25 41
143 159 181
42 64 57
52 24 45
132 153 181
136 155 181
72 33 65
128 151 181
145 160 181
117 122 127
130 152 181
19 96 95
120 123 127
141 158 181
146 161 181
141 158 181
134 154 181
145 160 181
134 155 181
134 154 181
132 153 181
12 31 35
128 151 181
134 154 181
80 125 114
49 82 80
27 17 29
21 47 36
49 83 80
49 83 80
51 84 80
52 85 80
78 124 114
79 125 114
0 0 0
73 119 114
78 123 114
25 13 42
74 120 114
51 84 80
51 84 80
73 120 114
49 83 80
76 122 114
76 122 114
48 82 80
52 85 80
73 119 114
72 119 114
79 124 114
77 122 114
6 37 43
75 121 114
71 118 114
75 121 114
47 81 80
73 119 114
39 61 57
133 154 181
132 153 181
133 154 181
128 151 181
136 156 181
133 154 181
134 154 181
131 153 181
134 154 181
136 156 181
132 153 181
129 152 181
129 152 181
131 153 181
140 157 181
134 154 181
128 151 181
140 158 181
135 155 181
137 156 181
153 165 181
136 155 181
108 117 127
142 158 181
135 155 181
145 160 181
142 158 181
132 153 181
130 152 181
83 72 97
130 152 181
129 152 181
87 74 97
131 129 127
64 53 68
131 153 181
139 157 181
144 159 181
142 158 181
131 153 181
144 160 181
128 151 181
129 152 181
90 75 97
134 154 181
129 152 181
137 156 181
140 157 181
137 156 181
149 163 181
129 152 181
136 155 181
129 152 181
130 152 181
14 78 87
131 153 181
39 146 196
36 140 196
25 98 139
14 79 87
6 18 45
25 99 139
37 142 196
14 40 101
36 141 196
38 145 196
53 42 84
36 140 196
41 149 196
48 40 84
41 31 59
47 39 84
51 41 84
52 41 84
51 41 84
47 39 84
46 39 84
53 42 84
56 43 84
56 43 84
53 42 84
36 29 59
44 32 63
47 40 84
51 41 84
47 39 84
50 40 84
33 28 59
46 39 84
53 42 84
51 41 84
51 41 84
48 40 84
53 42 84
48 40 84
50 40 84
47 39 84
47 20 50
48 40 84
47 39 84
46 32 63
137 156 181
148 162 181
145 160 181
61 37 68
0 0 0
150 163 181
140 157 181
133 154 181
49 26 62
139 157 181
0 0 0
132 153 181
144 159 181
140 157 181
0 0 0
145 160 181
41 13 75
131 153 181
143 159 181
166 31 126
174 31 126
51 26 49
160 30 126
172 31 126
83 18 25
175 31 126
163 30 126
168 31 126
183 32 126
174 31 126
157 30 126
177 32 126
167 31 126
113 21 89
174 31 126
99 3 44
157 30 126
158 30 126
182 32 126
171 31 126
35 5 11
113 21 89
162 30 126
162 30 126
109 21 89
155 30 126
163 30 126
123 22 89
169 31 126
162 30 126
100 6 40
172 31 126
114 21 89
114 21 89
169 31 126
156 30 126
158 30 126
157 30 126
183 32 126
134 154 181
143 159 181
132 153 181
47 141 70
145 160 181
50 10 31
135 155 181
137 156 181
145 160 181
130 152 181
132 153 181
132 153 181
135 155 181
132 153 181
147 161 181
143 159 181
48 82 80
138 157 181
132 153 181
132 153 181
112 49 92
128 151 181
131 153 181
130 152 181
143 159 181
0 0 0
131 153 181
139 157 181
133 154 181
136 155 181
136 155 181
129 152 181
146 160 181
144 160 181
77 24 47
0 0 0
93 32 58
126 44 82
134 45 82
122 43 82
123 43 82
119 43 82
87 31 58
38 13 13
81 30 58
117 41 75
118 43 82
69 12 48
0 0 0
82 30 58
80 29 58
119 43 82
113 42 82
81 30 58
131 45 82
43 12 9
127 44 82
88 31 58
118 43 82
131 45 82
89 31 58
84 30 58
66 27 16
120 43 82
30 16 25
85 30 58
81 30 58
116 42 82
42 11 42
47 12 42
102 33 66
148 162 181
132 153 181
69 23 41
146 161 181
139 157 181
139 157 181
142 159 181
133 154 181
129 152 181
53 86 18
128 151 181
131 153 181
133 154 181
132 153 181
144 160 181
141 158 181
134 154 181
132 153 181
139 157 181
139 157 181
139 157 181
147 161 181
145 160 181
136 155 181
139 157 181
142 159 181
134 154 181
89 53 96
133 154 181
128 151 181
136 155 181
135 155 181
75 34 65
140 157 181
144 160 181
133 154 181
132 153 181
131 153 181
114 120 127
69 32 65
129 152 181
136 155 181
0 0 0
150 163 181
130 152 181
128 151 181
129 128 127
132 153 181
0 0 0
150 163 181
0 0 0
142 159 181
130 152 181
129 152 181
66 31 65
0 0 0
128 151 181
132 153 181
129 152 181
68 32 65
52 9 33
70 32 65
76 34 65
143 159 181
137 156 181
95 84 186
104 88 186
92 83 186
101 87 186
111 90 186
98 85 186
108 89 186
105 88 186
100 86 186
102 87 186
101 86 186
102 87 186
95 84 186
100 86 186
92 83 186
96 84 186
96 84 186
105 88 186
105 88 186
0 0 0
99 85 186
0 0 0
138 156 181
67 32 65
143 159 181
0 0 0
139 157 181
65 31 65
0 0 0
85 87 90
136 156 181
106 47 92
142 158 181
70 32 65
140 158 181
132 153 181
128 151 181
135 155 181
129 152 181
107 48 92
131 153 181
131 153 181
129 152 181
128 151 181
129 152 181
134 154 181
141 158 181
135 155 181
130 152 181
134 154 181
128 151 181
131 153 181
131 153 181
86 36 65
119 123 127
145 160 181
149 162 181
123 125 127
46 27 48
139 157 181
0 0 0
129 152 181
128 151 181
69 32 65
130 152 181
50 83 80
133 154 181
133 154 181
40 75 22
135 155 181
76 83 90
52 85 80
25 32 58
0 0 0
77 122 114
49 83 80
49 82 80
50 83 80
48 82 80
49 83 80
20 47 36
49 83 80
50 83 80
53 85 80
31 49 30
47 81 80
29 16 25
74 120 114
75 121 114
35 45 83
71 118 114
51 84 80
51 84 80
80 125 114
12 7 15
49 83 80
27 43 43
49 82 80
50 83 80
52 85 80
75 121 114
49 82 80
129 152 181
132 153 181
135 155 181
141 158 181
137 156 181
140 157 181
142 159 181
128 151 181
132 153 181
138 156 181
128 151 181
130 152 181
137 156 181
130 152 181
139 157 181
136 155 181
132 153 181
128 151 181
119 123 127
143 159 181
134 154 181
0 0 0
128 151 181
131 153 181
119 123 127
129 151 181
128 151 181
135 155 181
139 157 181
150 163 181
134 154 181
117 122 127
133 154 181
130 152 181
131 152 181
129 151 181
131 152 181
32 144 50
139 157 181
130 152 181
146 161 181
0 0 0
145 160 181
130 152 181
124 125 127
135 155 181
131 153 181
131 153 181
129 152 181
139 157 181
150 163 181
130 152 181
133 154 181
131 153 181
0 0 0
129 151 181
79 59 68
27 102 139
138 156 181
24 98 139
26 100 139
9 26 64
9 52 62
36 140 196
35 138 196
22 78 105
39 147 196
37 143 196
54 42 84
25 99 139
49 40 84
54 42 84
50 40 84
47 39 84
52 41 84
48 40 84
55 43 84
20 8 35
50 40 84
55 42 84
49 40 84
54 42 84
47 39 84
29 38 12
56 43 84
50 40 84
47 39 84
53 42 84
48 40 84
55 42 84
49 40 84
47 39 84
34 28 59
48 40 84
47 39 84
50 41 84
48 40 84
50 40 84
46 39 84
50 40 84
56 43 84
51 41 84
48 40 84
128 151 181
145 160 181
61 37 68
134 154 181
134 154 181
134 154 181
134 154 181
139 157 181
57 36 68
58 36 68
0 0 0
131 153 181
0 0 0
144 159 181
23 13 27
55 35 68
161 30 126
55 35 68
116 21 89
169 31 126
168 31 126
162 30 126
0 0 0
179 32 126
90 19 25
119 22 89
70 13 58
185 32 126
110 21 89
170 31 126
179 32 126
123 27 35
113 21 89
171 31 126
124 27 35
172 31 126
113 21 89
169 31 126
154 30 126
55 9 20
109 21 89
182 32 126
176 32 126
165 31 126
162 30 126
0 0 0
79 9 65
170 31 126
52 7 16
173 31 126
175 31 126
168 31 126
120 22 89
163 30 126
160 30 126
161 30 126
0 0 0
128 151 181
104 17 72
183 32 126
130 152 181
138 157 181
80 29 58
54 35 68
129 152 181
129 152 181
128 151 181
133 154 181
142 158 181
128 151 181
138 157 181
129 152 181
145 160 181
55 35 68
151 164 181
139 157 181
129 152 181
135 155 181
128 151 181
38 12 36
136 155 181
130 152 181
133 154 181
131 153 181
132 153 181
140 157 181
136 155 181
129 152 181
146 161 181
136 155 181
135 155 181
140 158 181
127 44 82
131 45 82
117 42 82
63 0 14
20 5 30
115 42 82
87 31 58
118 43 82
109 6 40
121 43 82
127 44 82
81 30 58
86 30 58
89 31 58
115 42 82
125 44 82
130 45 82
56 6 18
83 30 58
131 45 82
26 5 11
80 29 58
81 30 58
79 29 58
128 44 82
127 44 82
127 44 82
0 0 0
132 45 82
130 45 82
132 45 82
16 19 44
132 45 82
79 29 58
134 45 82
88 31 58
131 45 82
43 11 42
83 30 58
83 30 58
0 0 0
59 21 41
128 151 181
54 87 80
146 161 181
141 158 181
134 154 181
135 155 181
138 157 181
136 155 181
140 157 181
140 157 181
131 153 181
130 152 181
111 119 127
143 159 181
138 156 181
137 156 181
129 152 181
135 155 181
131 153 181
142 158 181
132 153 181
130 152 181
130 152 181
140 158 181
69 32 65
134 154 181
0 0 0
149 162 181
131 153 181
141 158 181
133 154 181
66 59 39
143 159 181
130 152 181
114 120 127
132 153 181
146 160 181
135 155 181
131 153 181
141 158 181
135 155 181
148 162 181
139 157 181
134 154 181
137 156 181
131 153 181
35 8 55
139 157 181
0 0 0
151 163 181
129 152 181
0 0 0
0 0 0
110 118 127
131 153 181
133 154 181
99 86 186
103 87 186
102 87 186
30 143 135
71 33 65
111 91 186
92 83 186
97 85 186
92 83 186
111 91 186
102 87 186
102 87 186
95 84 186
95 84 186
107 89 186
105 88 186
96 84 186
99 86 186
105 88 186
94 84 186
96 84 186
113 91 186
111 91 186
100 86 186
106 89 186
99 85 186
0 0 0
69 32 65
72 33 65
67 32 65
151 163 181
0 0 0
135 155 181
70 32 65
144 160 181
0 0 0
76 34 65
130 152 181
128 151 181
112 119 127
146 161 181
134 154 181
141 158 181
141 158 181
129 152 181
141 158 181
129 152 181
128 151 181
142 159 181
138 156 181
97 45 92
128 151 181
130 152 181
132 153 181
133 154 181
133 154 181
135 155 181
144 159 181
